
USAF   WBAN  STATION NAME                  CTRY ST CALL  LAT     LON      ELEV(M) BEGIN    END

420270 99999 SRINAGAR                      IN            +34.083 +074.833 +1587.0 19730101 20150513
420280 99999                                                                      19870519 19870519
420290 99999 SONAMARG                      IN            +34.317 +075.317 +2515.0 19740613 19740818
420300 99999 DRAS                          IN            +34.433 +075.767 +3066.0 19440101 20070426
420340 99999 LEH               &           IN            +34.150 +077.567 +3513.0 19440101 19481106
420420 99999 SRINAGAR                      IN            +33.983 +074.783 +1664.0 19881026 20050619
420440 99999 QAZI GUND                     IN            +33.583 +075.083 +1690.0 20030306 20130529
420450 99999 BANIHAL                       IN            +33.500 +075.167 +1630.0 20021023 20130529
420550 99999 JAMMU (IN-AFB)                IN            +32.683 +074.833 +0314.0 19730101 19910719
420560 99999 JAMMU                         IN            +32.667 +074.833 +0367.0 19830902 20130529
420570 99999 PATHANKOT (IN-AFB)&           IN            +32.233 +075.633 +0312.0 19730102 19750831
420590 99999 DALHOUSIE                     IN            +32.533 +075.967 +1959.0 19440601 20060101
420600 99999 KATHUA                        IN            +32.333 +075.500 +0380.0 20011121 20030202
420620 99999 DHARMSALA                     IN            +32.267 +076.383 +1211.0 19730101 20090205
420650 99999 MANALI                        IN            +32.267 +077.167 +2039.0 19990223 20090205
420710 99999 AMRITSAR                      IN      VIAR  +31.710 +074.797 +0230.4 19730101 20150513
420740 99999 KAPURTHALA                    IN            +31.333 +075.333 +0229.0 20020214 20050830
420770 99999 UNA                           IN            +31.467 +076.267 +0369.0 20090205 20090205
420780 99999 MANDI                         IN            +31.717 +076.967 +0761.0 19590602 20090205
420790 99999 SUNDERNAGAR                   IN            +31.533 +076.900 +0874.0 20130529 20130529
420800 99999 BILASPUR                      IN            +31.250 +076.667 +0587.0 19590602 20080128
420801 99999 BHAVNAGAR                     IN      VABV  +21.752 +072.185 +0013.4 20110129 20110129
420810 99999 BHUNTAR                       IN            +31.833 +077.167 +1084.0 20020903 20130529
420830 99999 SHIMLA                        IN            +31.100 +077.167 +2202.0 19440101 20130529
420960 99999 FEROZEPUR                     IN            +30.917 +074.667 +0200.0 19730101 20030730
420970 99999 BHATINDA                      IN            +30.167 +074.583 +0211.0 20030524 20030524
420980 99999 HALWARA                       IN            +30.750 +075.633 +0241.0 19440101 19481231
420990 99999 LUDHIANA                      IN            +30.867 +075.933 +0255.0 19730101 20130529
421010 99999 PATIALA                       IN            +30.333 +076.467 +0251.0 19730101 20150512
421030 99999 AMBALA                        IN            +30.383 +076.767 +0272.0 19440101 20130529
421040 99999 NAHAN                         IN            +30.400 +076.767 +0958.0 19881016 19900415
421050 99999 CHANDIGARH(IAFB)              IN            +30.733 +076.883 +0347.0 19740101 20130529
421070 99999 DHARMPUR                      IN            +30.900 +077.017 +1986.0 19990701 20021214
421080 99999 UTTARKASHI                    IN            +30.733 +078.450 +1200.0 19990420 20030305
421110 99999 DEHRADUN                      IN            +30.317 +078.033 +0682.0 19440101 20150513
421120 99999 MUSSOORIE                     IN            +30.450 +078.083 +2042.0 19540101 20040705
421140 99999 TEHRI                         IN            +30.400 +078.483 +0770.0 19981224 20130529
421160 99999 JOSHIMATH                     IN            +30.550 +079.567 +1875.0 19730101 20030606
421170 99999 CHAMOLI                       IN            +30.400 +079.333 +1160.0 19990211 20030225
421210 99999 MUNSYARI                      IN            +30.117 +080.250 +3414.0 20011024 20110908
421220 99999 ANUPGARH                      IN            +29.167 +073.167 +0154.0 19440101 20030711
421230 99999 GANGANAGAR                    IN            +29.917 +073.917 +0177.0 19440101 20150512
421310 99999 HISSAR                        IN      VIHR  +29.179 +075.755 +0213.4 19440101 20150513
421350 99999 SANGRUR                       IN            +30.167 +075.833 +0236.0 19831001 20030524
421370 99999 KARNAL                        IN            +29.700 +077.033 +0249.0 19730109 20090205
421390 99999 MEERUT                        IN            +29.017 +077.633 +0222.0 19440603 20090205
421400 99999 ROORKEE                       IN            +29.850 +077.883 +0274.0 19440101 20141111
421430 99999 NAJIBABAD                     IN            +29.617 +078.383 +0270.0 19730101 20090205
421460 99999 NAINITAL                      IN            +29.400 +079.467 +1953.0 19730103 19790214
421470 99999 MUKTESHWAR KUMAON             IN            +29.467 +079.650 +2311.0 19440101 20130529
421480 99999 PANTNAGAR                     IN            +29.033 +079.467 +0233.0 20070520 20130529
421510 99999 DHARCHULA                     IN            +29.850 +080.533 +0817.0 19831002 20020313
421650 99999 BIKANER                       IN            +28.000 +073.300 +0224.0 19440101 20150513
421700 99999 CHURU                         IN            +28.250 +074.917 +0291.0 19730101 20130529
421740 99999 PILANI                        IN            +28.333 +075.583 +0301.0 20020630 20090205
421760 99999 ROHTAK                        IN            +28.833 +076.583 +0222.0 20010728 20090205
421770 99999 NARNAUL                       IN            +28.000 +076.083 +0308.0 20020219 20090205
421780 99999 GURGAON                       IN            +28.417 +077.000 +0224.0 20010718 20010807
421810 99999 INDIRA GANDHI INTL            IN      VIDP  +28.567 +077.103 +0236.8 19750307 20150513
421820 99999 SAFDARJUNG                    IN      VIDD  +28.585 +077.206 +0214.9 19420702 20150512
421830 99999 BULANDSHAHR                   IN            +28.400 +077.867 +0218.0 20010823 20010823
421870 99999 MORADABAD                     IN            +28.833 +078.750 +0202.0 19830915 20090205
421880 99999 RAMPUR                        IN            +28.750 +079.000 +0191.0 19990709 20020927
421890 99999 BAREILLY                      IN      VIBY  +28.422 +079.451 +0176.8 19440101 20150513
421900 99999 PILIBHIT                      IN            +28.633 +079.800 +0188.0 20020725 20020725
422120 99999                                                                      19440101 19481231
422200 99999 PASIGHAT                      IN            +28.100 +095.383 +0157.0 19740403 20110724
422370 99999 PHALODI                       IN            +27.133 +072.367 +0234.0 19440101 20090205
422420 99999 NAGAUR                        IN            +27.167 +073.667 +0298.0 20010723 20030215
422490 99999 SIKAR                         IN            +27.617 +075.133 +0433.0 19730101 20090205
422550 99999 ALWAR                         IN            +27.500 +076.583 +0271.0 19730101 20030201
422570 99999 MATHURA                       IN            +27.500 +077.683 +0174.0 20020418 20021216
422580 99999 BHARATPUR                     IN            +27.217 +077.500 +0176.0 20020214 20030118
422600 99999 AGRA                          IN      VIAG  +27.156 +077.961 +0167.9 19420824 20150512
422610 99999 AGRA                          IN            +27.167 +078.033 +0169.0 19440101 20021224
422620 99999 ALIGARH                       IN            +27.883 +078.067 +0187.0 19730101 20030204
422650 99999 MAINPURI                      IN            +27.233 +079.050 +0157.0 19440101 20030120
422660 99999 SHAHJAHANPUR                  IN            +27.883 +079.900 +0155.0 20090205 20090205
422700 99999 KHERI                         IN            +27.900 +080.800 +0147.0 19730101 20090205
422710 99999 HARDOI                        IN            +27.383 +080.167 +0142.0 19730101 20090205
422730 99999 BAHRAICH                      IN            +27.567 +081.600 +0124.0 19440101 20130529
422740 99999 GONDA                         IN            +27.133 +081.967 +0110.0 19730101 20020411
422820 99999 NAUTANWA                      IN            +27.433 +083.417 +0099.0 19730101 20030304
422890 99999                                                                      19570104 19621227
422950 99999 DARJEELING                    IN            +27.050 +088.267 +2128.0 19440101 20030414
422990 99999 GANGTOK                       IN            +27.333 +088.617 +1756.0 19740902 20090205
423050 99999 BOMDILA                       IN            +27.417 +092.850 +2484.0 20020727 20050401
423090 99999 LILABARI                      IN      VELR  +27.295 +094.098 +0100.6 19431223 20150513
423110 99999 SIBSAGAR                      IN            +26.983 +094.633 +0097.0 19440101 20030703
423120 99999 ZIRO                          IN            +27.917 +094.800 +1476.0 20010802 20021210
423140 99999 DIBRUGARH                     IN      VEMN  +27.484 +095.017 +0110.3 19420714 20150513
423160 99999 DIGBOI                        IN            +27.383 +095.617 +0143.0 19440901 20030107
423280 99999 JAISALMER                     IN            +26.900 +070.917 +0231.0 19730101 20150513
423390 99999 JODHPUR                       IN      VIJO  +26.251 +073.049 +0218.5 19430731 20150513
423430 99999 AJMER                         IN            +26.450 +074.617 +0486.0 19440101 20130529
423480 99999 JAIPUR                        IN      VIJP  +26.824 +075.812 +0385.0 19440101 20150513
423490 99999 TONK                          IN            +26.167 +075.750 +0272.0 19990514 20030126
423540 99999 DHOLPUR                       IN            +26.667 +077.833 +0176.0 19730101 20090205
423580 99999 BHIND                         IN            +26.567 +078.800 +0168.0 20020328 20021208
423610 99999 GWALIOR                       IN      VIGR  +26.293 +078.228 +0188.1 19440101 20150513
423630 99999 MISSISSIPPI CANYON OIL PLATFO US   LA       +28.160 -089.220 +0037.0 20130206 20150512
423640 99999 ETAWAH                        IN            +26.733 +078.983 +0151.0 20010711 20030112
423660 99999 KANPUR                        IN            +26.433 +080.367 +0125.0 19450621 20030621
423670 99999 KANPUR CHAKERI                IN      VICX  +26.404 +080.410 +0123.4 19440101 20150512
423680 99999 LUCKNOW                       IN            +26.867 +080.933 +0111.0 19730101 20030601
423690 99999 LUCKNOW                       IN      VILK  +26.761 +080.889 +0125.0 19440101 20150513
423720 99999 FURSATGANJ                    IN            +36.250 +081.367 +0116.0 20130529 20130529
423740 99999 FAIZABAD                      IN            +26.750 +082.083 +0102.0 20020203 20040827
423750 99999 SULTANPUR                     IN            +26.250 +082.000 +0097.0 19990614 20071103
423790 99999 GORAKHPUR                     IN      VEGK  +26.740 +083.450 +0078.9 19440101 20150512
423810 99999 AZAMGARH                      IN            +26.050 +083.217 +0078.0 19730101 19800626
423820 99999 RAXAUL                        IN            +26.983 +084.850 +0079.0 19730101 19740817
423830 99999 MOTIHARI                      IN            +26.667 +084.917 +0066.0 19440101 20090205
423870 99999 MUZAFFARPUR                   IN            +26.117 +085.400 +0053.0 19740515 20090205
423900 99999 MUZAFFARPUR AERODROME         IN            +26.117 +085.317 +0053.0 20011029 20140905
423910 99999 DARBHANGA                     IN            +26.167 +085.900 +0049.0 19440101 20030410
423930 99999 SUPAUL                        IN            +26.133 +086.583 +0050.0 20010905 20050525
423950 99999 FORBESGANJ                    IN            +26.300 +087.267 +0061.0 19730101 19790307
423970 99999 SILIGURI                      IN            +26.667 +088.367 +0123.0 19990213 20030409
423980 99999 BAGDOGRA                      IN      VEBD  +26.681 +088.329 +0125.6 19570618 20150512
423990 99999 JALPAIGURI                    IN            +26.533 +088.717 +0083.0 19440101 20130509
424030 99999 COOCH BEHAR                   IN            +26.333 +089.467 +0043.0 19430220 20090205
424040 99999 DHUBRI                        IN            +26.017 +089.983 +0036.0 19440101 20090205
424060 99999 DHUBRI/RUPSI                  IN            +26.150 +089.917 +0045.0 19450630 19450930
424070 99999 GOALPARA                      IN            +26.183 +090.633 +0038.0 19730102 20090205
424090 99999 TANGLA                        IN            +26.650 +091.917 +0065.0 19740221 20090205
424100 99999 GUWAHATI INTL                 IN      VEGT  +26.106 +091.586 +0049.4 19440102 20150513
424130 99999 MAJBAT                        IN            +26.750 +092.350 +0120.0 20011009 20090205
424140 99999 CHAPARMUKH                    IN            +26.200 +092.517 +0066.0 19730103 20040219
424150 99999 TEZPUR                        IN            +26.617 +092.783 +0079.0 19440101 20150513
424160 99999 TEZPUR/BINDUKURI              IN            +26.717 +092.800 +0075.0 19430510 19801101
424190 99999 GOHPUR                        IN            +26.833 +093.583 +0082.0 19831028 20071017
424200 99999 GOLAGHAT                      IN            +26.517 +093.983 +0095.0 19740806 20030419
424230 99999 JORHAT                        IN            +26.067 +090.167 +0880.0 19430414 20110724
424350 99999 BARMER                        IN            +25.750 +071.383 +0194.0 19440101 20150512
424410 99999 ERINPURA /JAWAI DAM SITE      IN            +25.083 +073.083 +0295.0 19450801 19460729
424470 99999 BHILWARA                      IN            +25.350 +074.633 +0425.0 20020917 20030524
424500 99999 BUNDI                         IN            +25.450 +075.633 +0267.0 20030202 20090205
424510 99999 KOTA-IN-RAJASTHAN             IN            +25.183 +075.850 +0256.0 19440101 19780502
424520 99999 KOTA                          IN      VIKO  +25.160 +075.846 +0273.1 19730101 20150513
424530 99999 SAWAI MADHOPUR                IN            +25.983 +076.367 +0264.0 20010822 20090205
424560 99999 SHEOPUR                       IN            +25.667 +076.683 +0235.0 19730101 20090205
424590 99999 SHIVPURI                      IN            +25.333 +077.650 +0464.0 20020528 20090205
424600 99999 DATIA                         IN            +25.667 +078.467 +0229.0 20020417 20150122
424630 99999 JHANSI                        IN      VIJN  +25.491 +078.558 +0244.1 19440101 20130529
424670 99999 NOWGONG                       IN            +25.067 +079.450 +0229.0 19440101 20090205
424680 99999 ORAI                          IN            +25.983 +079.500 +0141.0 20030216 20120218
424690 99999 HAMIRPUR                      IN            +25.950 +080.150 +0109.0 20090205 20100916
424710 99999 FATEHPUR                      IN            +25.933 +080.833 +0114.0 19730101 20020412
424730 99999 BANDA                         IN            +25.467 +080.367 +0121.0 20040902 20040902
424750 99999 ALLAHABAD                     IN      VIAL  +25.441 +081.735 +0098.1 19420727 20150501
424790 99999 VARANASI                      IN      VIBN  +25.452 +082.859 +0081.1 19730101 20150512
424820 99999 GHAZIPUR                      IN            +25.400 +083.550 +0067.0 20010718 20090205
424830 99999 VARANASI                      IN            +25.300 +083.017 +0090.0 19440101 20090205
424840 99999 BALLIA                        IN            +25.750 +084.167 +0064.0 20020217 20070520
424880 99999 CHAPRA                        IN            +25.783 +084.733 +0058.0 20051019 20051019
424920 99999 PATNA                         IN      VEPT  +25.591 +085.088 +0051.8 19440101 20150513
424980 99999 BHAGALPUR                     IN            +25.233 +086.950 +0049.0 19570102 20150512
424990 99999 SABAUR                        IN            +25.233 +087.067 +0037.0 20020614 20090205
425000 99999 PURNEA                        IN            +25.267 +087.467 +0038.0 19440101 20150510
425030 99999 MALDA                         IN            +25.033 +088.133 +0031.0 19730101 20090205
425060 99999 BALURGHAT                     IN            +25.217 +088.783 +0026.0 20030414 20030414
425110 99999 TURA                          IN            +25.517 +090.233 +0370.0 19730101 20030226
425150 99999 CHERRAPUNJI                   IN            +25.250 +091.733 +1313.0 19440101 20090205
425160 99999 SHILLONG                      IN            +25.567 +091.883 +1598.0 19440101 20120521
425230 99999 LUMDING                       IN            +25.750 +093.183 +0149.0 19730101 19860717
425270 99999 KOHIMA                        IN            +25.633 +094.167 +1406.0 19770923 19790528
425390 99999 DEESA                         IN            +24.200 +072.200 +0136.0 19440101 20110724
425400 99999 MOUNT ABU                     IN            +24.600 +072.717 +1195.0 19440101 20090205
425420 99999 UDAIPUR                       IN      VAUD  +24.618 +073.896 +0513.3 19750811 20150512
425430 99999 UDAIPUR                       IN            +24.583 +073.700 +0582.0 19440601 19781221
425460 99999 CHITTORGARH                   IN            +24.883 +074.633 +0404.0 20090205 20090205
425470 99999 NIMACH                        IN            +24.467 +074.900 +0496.0 19440101 20030622
425520 99999 CHAMBAL/RAWAT BHATA           IN            +24.917 +075.583 +0351.0 20040727 20090205
425550 99999 JHALAWAR                      IN            +24.533 +076.167 +0321.0 19440101 20030606
425570 99999 RAJGARH                       IN            +24.000 +076.717 +0382.0 20030117 20090205
425590 99999 GUNA                          IN            +24.650 +077.317 +0478.0 19440101 20150512
425620 99999 TIKAMGARH                     IN            +24.767 +078.833 +0345.0 20030101 20140328
425670 99999 KHAJURAHO                     IN            +24.983 +079.917 +0217.0 20020623 20110724
425700 99999 PANNA                         IN            +24.717 +080.167 +0354.0 20010726 20140828
425710 99999 SATNA                         IN      VIST  +24.567 +080.833 +0317.0 19440101 20150513
425740 99999 REWA                          IN            +24.533 +081.300 +0299.0 20090205 20090205
425770 99999 SIDHI                         IN            +24.417 +081.867 +0272.0 19730101 20090205
425870 99999 DALTONGANJ                    IN            +24.050 +084.067 +0221.0 19440101 20150513
425880 99999 DEHRI                         IN            +24.917 +084.183 +0107.0 19730101 20090205
425910 99999 GAYA                          IN      VEGY  +24.744 +084.951 +0115.8 19421122 20150513
425950 99999 JAMUI                         IN            +24.933 +086.300 +0082.0 20120710 20120710
425990 99999 DUMKA                         IN            +24.267 +087.250 +0149.0 19440102 20140708
426030 99999 BERHAMPORE                    IN            +24.133 +088.267 +0019.0 19440101 20030303
426180 99999 KAILASHAHAR                   IN            +24.317 +092.000 +0030.0 19450119 20090205
426190 99999 SILCHAR                       IN            +24.750 +092.800 +0029.0 19440101 20110724
426200 99999 SILCHAR/KUMBHIRGRAM           IN            +24.917 +092.983 +0105.0 19860321 19910723
426230 99999 IMPHAL                        IN      VEIM  +24.760 +093.897 +0774.2 19441202 20150513
426310 99999 NALIYA                        IN            +23.250 +068.850 +0021.0 19730101 20140923
426340 99999 BHUJ                          IN      VABJ  +23.288 +069.670 +0081.7 19440101 20150512
426380 99999 KANDLA AERODROME              IN            +23.150 +070.117 +0029.0 20041007 20041228
426390 99999 NEW KANDLA                    IN            +23.000 +070.217 +0014.0 20030727 20090205
426409 99999 MT HOREB                      IN      C96   +42.983 -089.750 +0370.0 19860331 19860331
426470 99999 AHMEDABAD                     IN      VAAH  +23.077 +072.635 +0057.6 19440101 20150513
426510 99999 IDAR                          IN            +23.833 +073.033 +0219.0 20090205 20090205
426520 99999 DUNGARPUR                     IN            +23.833 +073.667 +0291.0 20011122 20021208
426550 99999 BANSWARA                      IN            +23.550 +074.450 +0220.0 20021116 20090205
426610 99999 RATLAM                        IN            +23.317 +075.050 +0486.0 19730101 20090205
426620 99999 UJJAIN                        IN            +23.183 +075.783 +0489.0 20020615 20090205
426650 99999 SHAJAPUR                      IN            +23.433 +076.317 +0446.0 20010806 20130830
426670 99999 BHOPAL                        IN      VABP  +23.287 +077.337 +0524.0 19440101 20150512
426690 99999 VIDISHA                       IN            +23.533 +077.817 +0430.0 20010713 20010713
426710 99999 SAGAR                         IN            +23.850 +078.750 +0551.0 19440101 20110724
426720 99999 RAISEN                        IN            +23.317 +077.833 +0440.0 19840225 20110913
426740 99999 DAMOH                         IN            +23.833 +079.450 +0371.0 20040603 20110918
426750 99999 JABALPUR                      IN      VAJB  +23.178 +080.052 +0495.0 19440101 20150512
426790 99999 UMARIA                        IN            +23.533 +080.883 +0459.0 19730101 20090205
426930 99999 AMBIKAPUR                     IN            +23.167 +083.250 +0611.0 19730101 20131109
426990 99999 HAZARIBAGH                    IN            +23.983 +085.367 +0611.0 19440101 20110524
427000 99999 RANCHI                        IN            +23.433 +085.400 +0647.0 19730101 20140203
427010 99999 BIRSA MUNDA                   IN      VERC  +23.314 +085.322 +0654.7 19440101 20150512
427030 99999 DHANBAD                       IN            +23.783 +086.433 +0257.0 20010813 20010829
427040 99999 PANAGARH                      IN            +23.467 +087.433 +0074.0 19431130 20020805
427050 99999 PURULIA                       IN            +23.333 +086.417 +0255.0 19440325 20020311
427051 99999 KULLU MANALI                  IN      VIBR  +31.877 +077.154 +1089.1 20040707 20111004
427052 99999 CHANDIGARH                    IN      VICG  +30.673 +076.789 +0308.5 20060812 20111007
427053 99999 LEH                           IN      VILH  +34.136 +077.547 +3255.9 20060905 20111007
427055 99999 CALICUT                       IN      VOCL  +11.137 +075.955 +0104.2 20100125 20150513
427056 99999 BANGALURU INTL AIRPORT        IN      VOBL  +13.200 +077.700 +0915.0 20080721 20150513
427060 99999 BANKURA                       IN            +23.383 +087.083 +0100.0 20050225 20150513
427070 99999                                                                      20010726 20021102
427080 99999 SHANTI NIKETAN                IN            +23.650 +087.700 +0059.0 20010913 20090205
427090 99999 BURDWAN                       IN            +23.233 +087.850 +0030.0 19440101 20090205
427110 99999 KRISHNANAGAR                  IN            +23.400 +088.517 +0015.0 19950425 20090205
427140 99999 BAGATI                        IN            +22.983 +088.367 +0012.0 19801206 20090205
427150 99999 MALANJKHAND                   IN            +22.000 +080.700 +0581.0 20011121 20090205
427240 99999 AGARTALA                      IN      VEAT  +23.887 +091.240 +0014.0 19450110 20150513
427260 99999 LENGPUI                       IN      VELP  +23.841 +092.620 +0426.1 20150409 20150410
427270 99999 AIJAL                         IN            +23.733 +092.717 +1097.0 19540101 20030602
427275 99999 LENGPUI                       IN            +23.841 +092.620 +0426.1 20100719 20100719
427290 99999 MANDVI                        IN            +22.817 +069.267 +0009.0 20010921 20010921
427300 99999 OKHA                          IN            +22.483 +069.117 +0007.0 20011014 20110724
427310 99999 DWARKA                        IN            +22.367 +069.083 +0011.0 19440101 20130622
427340 99999 JAMNAGAR                      IN            +22.450 +070.083 +0014.0 19730101 19760102
427370 99999 RAJKOT                        IN      VARK  +22.309 +070.780 +0134.4 19440101 20150512
427371 99999 RAIPUR                        IN            +21.167 +081.733 +0325.0 20060416 20100125
427400 99999 SURENDRANAGAR                 IN            +22.733 +071.600 +0074.0 19730101 20030630
427440 99999 VALLABH VIDYANAGAR            IN            +22.567 +072.933 +0044.0 19831001 20090205
427470 99999 BARODA                        IN            +22.300 +073.250 +0034.0 19440101 20070627
427480 99999 BARODA AERODROME              IN            +22.333 +073.267 +0037.0 20030727 20110724
427500 99999                                                                      19870518 19870518
427510 99999 DOHAD                         IN            +22.833 +074.267 +0333.0 19440101 20050518
427520 99999 DHAR                          IN            +22.600 +075.300 +0583.0 19740724 20090205
427540 99999 DEVI AHILYABAI HOLKAR         IN      VAID  +22.722 +075.801 +0563.9 19440101 20150513
427630 99999 HOSHANGABAD                   IN            +22.767 +077.767 +0302.0 19440101 20110724
427670 99999 PACHMARHI                     IN            +22.467 +078.433 +1075.0 19440101 20090205
427680 99999 CHHINDWARA                    IN            +22.100 +079.000 +0685.0 20020814 20030119
427700 99999 NARSINGHPUR                   IN            +22.950 +079.183 +0356.0 20010709 20090205
427710 99999 SEONI                         IN            +22.083 +079.550 +0619.0 19440101 20090205
427760 99999 MANDLA                        IN            +22.583 +080.367 +0443.0 20070520 20090205
427790 99999 PENDRA ROAD                   IN            +22.767 +081.900 +0625.0 19440101 20150513
427820 99999 BILASPUR                      IN      VABI  +21.988 +082.111 +0274.0 20110724 20110724
427830 99999 CHAMPA                        IN            +22.033 +082.700 +0245.0 19730101 20090205
427900 99999 JASHPURNAGAR                  IN            +22.883 +084.133 +0771.0 20011004 20050524
427920 99999 SUNDARGARH                    IN            +22.117 +084.033 +0240.0 20020620 20090205
427950 99999 CHAIBASA                      IN            +22.550 +085.817 +0226.0 19440101 20090205
427980 99999 JAMSHEDPUR                    IN      VEJS  +22.813 +086.169 +0153.9 19730101 20150512
427990 99999 JAMSHEDPUR                    IN            +22.817 +086.183 +0129.0 19450801 20090205
428020 99999 KALAIKUNDA                    IN            +22.333 +087.217 +0062.0 19440115 19451210
428030 99999 MIDNAPORE                     IN            +22.417 +087.317 +0045.0 19730101 20090205
428050 99999 ULUBERIA                      IN            +22.500 +087.950 +0005.0 19810506 20090205
428070 99999 CALCUTTA/ALIPORE              IN            +22.533 +088.333 +0006.0 19440331 20130622
428080 99999                                                                      19740821 19740910
428081 99999 CALCUTTA/BARRACKS             IN            +22.767 +088.367 +0007.0 19440331 19460531
428090 99999 NETAJI SUBHASH CHANDRA BOSE I IN      VECC  +22.655 +088.447 +0004.9 19430831 20150513
428110 99999 DIAMOND HARBOUR               IN            +22.183 +088.200 +0007.0 20011015 20090205
428120 99999 CANNING                       IN            +22.250 +088.667 +0004.0 20090205 20090205
428300 99999 PORBANDAR                     IN            +21.650 +069.667 +0005.0 19730101 20130622
428320 99999 KESHOD                        IN            +21.317 +070.317 +0050.0 20010916 20010916
428340 99999 AMRELI                        IN            +21.600 +071.217 +0115.0 19740517 20090205
428370 99999 MAHUVA                        IN            +21.083 +071.783 +0009.0 20010711 20050901
428380 99999 BHAUNAGAR                     IN            +21.750 +072.200 +0005.0 19730102 20110724
428390 99999                                                                      19440101 19631231
428400 99999 SURAT                         IN            +21.200 +072.833 +0012.0 19440101 20150512
428410 99999 BROACH                        IN            +21.733 +073.000 +0017.0 20011001 20030616
428490 99999 KHARGONE                      IN            +21.817 +075.617 +0251.0 20090205 20090205
428510 99999 JALGAON                       IN            +21.050 +075.567 +0201.0 19440101 20090205
428550 99999 KHANDWA                       IN      VAKD  +21.833 +076.367 +0318.0 19440101 20090205
428600 99999 BETUL                         IN            +21.867 +077.933 +0653.0 19730101 20090205
428660 99999 NAGPUR (MAYO HOSPITAL)        IN            +21.150 +079.117 +0311.0 19860516 20020630
428670 99999 DR AMBEDKAR INTL              IN      VANP  +21.092 +079.047 +0314.9 19440101 20150513
428710 99999 GONDIA                        IN            +21.467 +080.200 +0313.0 19730101 20090205
428740 99999 PBO RAIPUR                    IN            +21.233 +081.650 +0298.0 19960701 20150513
428750 99999 RAIPUR                        IN      VARP  +21.217 +081.667 +0294.0 19440101 20020919
428760 99999 DURG                          IN            +21.183 +081.283 +0293.0 20020315 20030216
428830 99999 SAMBALPUR                     IN            +21.467 +083.967 +0148.0 19440101 20090205
428840 99999 RAIGARH                       IN            +21.883 +083.383 +0220.0 19990612 20070520
428860 99999 JHARSUGUDA                    IN      VEJH  +21.914 +084.050 +0228.9 19570102 20150513
428910 99999 KEONGJHARGARH                 IN            +21.617 +085.517 +0463.0 20010917 20110724
428940 99999 BARIPADA                      IN            +21.933 +086.767 +0054.0 20090205 20090205
428950 99999 BALASORE                      IN            +21.517 +086.933 +0020.0 19440101 20150512
429000 99999 CONTAI                        IN            +21.783 +087.750 +0011.0 20020314 20020515
429010 99999 DIGHA                         IN            +21.617 +087.500 +0006.0 20031125 20090205
429030 99999 SAGAR ISLAND                  IN            +21.650 +088.050 +0003.0 19440101 20020310
429090 99999 VERAVAL                       IN            +20.900 +070.367 +0008.0 19440101 20150512
429150 99999 BULSAR                        IN            +20.617 +072.933 +0015.0 20030501 20090205
429160 99999 DAMAN                         IN            +20.417 +072.850 +0012.0 19780110 20070520
429200 99999 NASIK OZAR                    IN            +20.133 +073.917 +0599.0 19890430 20060201
429210 99999 NASIK CITY                    IN            +19.967 +073.817 +0598.0 20060202 20150512
429250 99999 MALEGAON                      IN            +20.550 +074.533 +0437.0 19440101 20090205
429310 99999 BULDANA                       IN            +20.533 +076.233 +0650.0 19730101 19900507
429330 99999 AKOLA                         IN            +20.700 +077.033 +0282.0 19440101 20150513
429340 99999 AKOLA                         IN      VAAK  +20.699 +077.059 +0304.5 19730101 20060119
429350 99999 WASHIM                        IN            +20.117 +077.117 +0565.0 20090205 20090205
429370 99999 AMRAOTI                       IN            +20.933 +077.783 +0370.0 19440101 20090205
429390 99999 WARDHA                        IN            +20.667 +078.583 +0283.0 20070520 20090205
429430 99999 YEOTMAL                       IN            +20.400 +078.150 +0451.0 19730101 20090205
429460 99999 BRAMHAPURI                    IN            +20.600 +079.850 +0229.0 19831018 20090205
429530 99999 KANKER                        IN            +20.267 +081.483 +0402.0 19440101 19790713
429610 99999 TITLAGARH                     IN            +20.300 +083.300 +0211.0 19730101 20090205
429630 99999 BOLANGIR                      IN            +20.700 +083.500 +0190.0 20020418 20071116
429660 99999 PHULBANI                      IN            +20.483 +084.267 +0489.0 20010707 20100818
429690 99999 ANGUL                         IN            +20.833 +085.100 +0139.0 19730101 20090205
429700 99999 CUTTACK                       IN            +20.467 +085.933 +0027.0 19440101 20140811
429710 99999 BHUBANESHWAR                  IN      VEBS  +20.244 +085.818 +0042.1 19570102 20150513
429730 99999 CHANDBALI                     IN            +20.783 +086.733 +0006.0 19440101 20110724
429760 99999 PARADIP (C.W.R.)              IN            +20.300 +086.683 +0008.0 20020521 20110724
429770 99999 SANDHEADS                     IN            +20.850 +088.250 +0010.0 19440101 20100827
429980 99999 BOGUS INDIAN                  IN                                     19840503 20040613
430010 99999 DAHANU                        IN            +19.967 +072.717 +0005.0 19440101 20090205
430030 99999 CHHATRAPATI SHIVAJI INTL      IN      VABB  +19.089 +072.868 +0011.3 19440101 20150513
430090 99999 AHMADNAGAR                    IN            +19.083 +074.800 +0657.0 19440101 20030404
430110 99999 BIR                           IN            +19.000 +075.717 +0519.0 20020317 20030509
430130 99999 JALNA                         IN            +19.833 +075.800 +0519.0 19440101 20030606
430140 99999 AURANGABAD                    IN      VAAU  +19.863 +075.398 +0582.5 19730101 20150512
430170 99999 PARBHANI                      IN            +19.133 +076.833 +0422.0 19440101 20090205
430190 99999 PUSAD                         IN            +19.917 +077.583 +0332.0 19831018 19850113
430220 99999 PRIYADARSHINI                 IN            +19.750 +078.033 +0457.0 20081111 20081111
430250 99999 ADILABAD                      IN            +19.650 +078.533 +0269.0 19851202 20020815
430290 99999 CHANDRAPUR                    IN            +19.967 +079.300 +0193.0 19440101 20040404
430410 99999 JAGDALPUR                     IN            +19.083 +082.033 +0553.0 19440101 20150512
430420 99999 BHAWANIPATNA                  IN            +19.917 +083.183 +0261.0 19810103 20090205
430490 99999 GOPALPUR                      IN            +19.267 +084.883 +0017.0 19440101 20130622
430530 99999 PURI                          IN            +19.800 +085.817 +0006.0 19730101 20140609
430570 99999 BOMBAY / COLABA               IN            +18.900 +072.817 +0011.0 20030727 20090205
430580 99999 ALIBAG                        IN            +18.633 +072.867 +0007.0 20020509 20070520
430610 99999 KHANDALA                      IN            +18.767 +073.367 +0539.0 19440507 20070522
430620 99999 BHIRA                         IN            +18.450 +073.400 +0096.0 20070520 20070520
430630 99999 POONA                         IN            +18.583 +073.917 +0592.0 19440101 20150512
430640 99999 PUNE / LOHOGAON AERODROME     IN            +18.583 +073.917 +0589.0 19880501 20090205
430690 99999 BARAMATI                      IN            +18.150 +074.583 +0551.0 19840213 20020521
430810 99999 NIZAMABAD                     IN            +18.667 +078.100 +0381.0 19440101 20150512
430830 99999 MEDAK                         IN            +18.050 +078.267 +0472.0 19870905 20090205
430860 99999 RAMGUNDAM                     IN            +18.767 +079.433 +0156.0 19730101 20150512
430870 99999 HANAMKONDA                    IN            +18.017 +079.567 +0269.0 19440101 20150512
430890 99999 SIRONCHA                      IN            +18.850 +079.967 +0123.0 20010812 20030711
430930 99999 BAILADILA                     IN            +18.583 +081.233 +1144.0 19890521 19900108
430970 99999 KORAPUT                       IN            +18.817 +082.717 +0913.0 19730113 20090205
431050 99999 KALINGAPATAM                  IN            +18.333 +084.133 +0006.0 19440101 20150512
431090 99999 HARNAI                        IN            +17.817 +073.100 +0020.0 19440101 20110724
431100 99999 RATNAGIRI                     IN            +16.983 +073.333 +0067.0 19440101 20150512
431110 99999 MAHABALESHWAR                 IN            +17.933 +073.667 +1382.0 19440101 20110724
431130 99999 SATARA                        IN            +17.517 +074.050 +0612.0 20020727 20090205
431170 99999 SHOLAPUR                      IN      VASL  +17.628 +075.935 +0482.8 19440101 20150512
431210 99999 GULBARGA                      IN            +17.350 +076.850 +0458.0 19440101 20150512
431250 99999 BIDAR                         IN      VOBR  +17.917 +077.533 +0663.0 19440701 20150512
431280 99999 BEGUMPET AIRPORT              IN      VOHY  +17.452 +078.461 +0531.0 19440101 20150512
431285 99999 HYDERABAD INTL AIRPORT        IN      VOHS  +17.233 +078.417 +0617.0 20080721 20150513
431290 99999                                                                      19440101 19631231
431300 99999 HAKIMPET                      IN            +17.550 +078.517 +0613.0 19890731 19890731
431330 99999 NALGONDA                      IN            +17.000 +079.250 +0227.0 19771019 20130716
431360 99999 BHADRACHALAM                  IN            +17.667 +080.883 +0054.0 19730104 20150219
431370 99999 KHAMMAM                       IN            +17.250 +080.150 +0112.0 19440101 20090205
431470 99999 TUNI                          IN            +17.350 +082.550 +0035.0 20090204 20130622
431490 99999 VISHAKHAPATNAM                IN            +17.717 +083.233 +0003.0 19540101 20130622
431500 99999 CWC VISHAKHAPATNAM/WALTAIR    IN            +17.700 +083.300 +0066.0 19440101 20150512
431530 99999 DEVGARH                       IN            +16.383 +073.350 +0036.0 19460801 19860725
431570 99999 KOLHAPUR                      IN      VAKP  +16.665 +074.289 +0608.4 19730101 20150512
431580 99999 SANGLI                        IN            +16.850 +074.600 +0549.0 19750906 20090205
431590 99999                                                                      19730103 19740630
431600 99999 BAGALKOTE                     IN            +16.700 +075.750 +0524.0 19440101 20090205
431610 99999 BIJAPUR                       IN            +16.817 +075.717 +0594.0 19440101 20150512
431680 99999 MAHABUBNAGAR                  IN            +16.750 +078.000 +0505.0 20090205 20140706
431690 99999 RAICHUR                       IN            +16.200 +077.350 +0400.0 19440101 20150512
431770 99999 RENTACHINTALA                 IN            +16.550 +079.550 +0106.0 19440101 20150512
431800 99999 VIJAYAWADA                    IN            +16.517 +080.617 +0020.0 20010823 20021025
431810 99999 VIJAYAWADA                    IN      VOBZ  +16.530 +080.797 +0025.0 19730103 20150512
431820 99999 NANDIGAMA                     IN            +16.783 +080.283 +0051.0 20090205 20140706
431840 99999 NIDADAVOLE                    IN            +16.833 +081.583 +0013.0 20011125 20030429
431850 99999 MACHILIPATNAM/FRANCHPET       IN            +16.200 +081.150 +0003.0 19540101 20150512
431870 99999 NARSAPUR                      IN            +16.433 +081.700 +0004.0 20040528 20130622
431890 99999 KAKINADA                      IN            +16.950 +082.233 +0008.0 19440101 20150512
431920 99999 GOA/PANJIM                    IN            +15.483 +073.817 +0058.4 19730101 20150512
431930 99999 VENGURLA                      IN            +15.867 +073.633 +0016.0 19561031 20030404
431940 99999 GOA                           IN      VAGO  +15.381 +073.831 +0056.1 19730101 20110724
431960 99999 MORMUGAO                      IN            +15.417 +073.783 +0062.0 19440101 20090205
431970 99999 BELGAUM                       IN            +15.850 +074.533 +0753.0 19440101 20020907
431980 99999 BELGAUM                       IN      VABM  +15.859 +074.618 +0758.0 19730101 20150512
432010 99999 GADAG                         IN            +15.417 +075.633 +0650.0 19440101 20150512
432050 99999 BELLARY                       IN            +15.150 +076.850 +0449.0 19440101 20150512
432120 99999 NANDYAL                       IN            +15.467 +078.483 +0212.0 20010825 20090205
432130 99999 KURNOOL                       IN            +15.800 +078.067 +0281.0 19440101 20150512
432200 99999 BAPATLA                       IN            +15.900 +080.467 +0006.0 19790416 20140706
432210 99999 ONGOLE                        IN            +15.500 +080.083 +0012.0 19730101 20150512
432250 99999 KARWAR                        IN            +14.783 +074.133 +0004.0 19730101 20150512
432260 99999 HONAVAR                       IN            +14.283 +074.450 +0009.0 19440101 20150512
432290 99999 SHIRALI                       IN            +14.067 +074.533 +0045.0 19771222 20090205
432330 99999 CHITRADURGA                   IN            +14.233 +076.433 +0733.0 19440101 20150512
432370 99999 PBO ANANTAPUR                 IN            +14.583 +077.633 +0364.0 19540101 20150512
432410 99999 CUDDAPAH                      IN            +14.483 +078.833 +0130.0 19440101 20130523
432430 99999 KAVALI                        IN            +14.900 +079.983 +0017.0 20040528 20130622
432450 99999 NELLORE                       IN            +14.450 +079.983 +0020.0 19440101 20150512
432570 99999 AGUMBE EMO                    IN            +13.500 +075.083 +0659.0 20010808 20090205
432580 99999 SHIMOGA                       IN            +13.933 +075.633 +0571.0 20010904 20020522
432590 99999 BALEHONUR                     IN            +13.367 +075.450 +0907.0 19851209 19860119
432600 99999 CHICKMAGALUR                  IN            +13.250 +075.750 +1057.0 20090205 20090205
432630 99999 HASSAN                        IN            +12.967 +076.333 +0955.0 20020522 20090421
432660 99999 M.O. AGATHI AIRPORT           IN            +10.850 +072.467 +0003.0 20090205 20090205
432710 99999 AROGYAVARAM                   IN            +13.533 +078.500 +0701.0 19730101 20150512
432750 99999 TIRUPATHI                     IN            +13.667 +079.583 +0105.0 19860108 20130604
432770 99999 TIRUTTANI                     IN            +13.150 +079.533 +0087.0 19780210 19790428
432780 99999 NUMGAMBAKKAM                  IN            +13.067 +080.200 +0007.0 19870110 20130604
432790 99999 CHENNAI INTL                  IN      VOMM  +12.994 +080.181 +0015.8 19440101 20150513
432830 99999 MANGALORE                     IN            +12.867 +074.850 +0022.0 19440101 19631231
432840 99999 MANGALORE                     IN      VOML  +12.961 +074.890 +0102.7 19730101 20150512
432850 99999 MANGALORE/PANAMBUR            IN            +12.950 +074.833 +0031.0 19740429 20090205
432870 99999 MADIKERI                      IN            +12.417 +075.733 +1153.0 19440101 20150511
432890 99999 MANDYA                        IN            +12.500 +076.833 +0695.0 19811012 20090205
432910 99999 MYSORE                        IN            +12.300 +076.700 +0767.0 19440101 20150512
432950 99999 BANGALORE                     IN            +12.967 +077.583 +0921.0 19730101 20150512
432960 99999 BANGALORE/HINDUSTAN AIRPORT   IN            +12.950 +077.633 +0888.0 19420901 20150513
432990 99999 KOLAR GOLD FIELDS             IN            +12.950 +078.300 +0882.0 19990207 20030302
433010 99999 DHARMAPURI                    IN            +12.133 +078.033 +0396.0 19771125 20090205
433025 99999 BANGALORE                     IN      VOBG  +12.950 +077.668 +0887.6 20050507 20130222
433030 99999 VELLORE                       IN      VOVR  +12.917 +079.150 +0214.0 19440101 20150512
433080 99999 MAHABALIPURAM                 IN            +12.617 +080.200 +0009.0 19760825 19760827
433090 99999 MAYA BANDAR                   IN            +12.917 +092.917 +0028.0 19730101 20090205
433100 99999 LONG ISLAND                   IN            +12.417 +092.933 +0025.0 20070520 20090205
433110 99999 M.O. AMINI                    IN            +11.117 +072.733 +0003.0 19730101 20150512
433120 99999 AGATTI                        IN            +10.850 +072.467 +0004.0 20020325 20090126
433140 99999 KOZHIKODE                     IN            +11.250 +075.783 +0005.0 19440101 20150512
433150 99999 CANNUR                        IN            +11.833 +075.333 +0018.0 19771015 20090205
433160 99999 NILAMBUR                      IN            +11.283 +076.233 +0031.0 19990225 20000301
433170 99999 UDHAGAMANDALAM                IN            +11.400 +076.733 +2249.0 19440101 20150512
433180 99999 COONOOR                       IN            +11.350 +076.800 +1747.0 19860214 20090205
433190 99999 COIMBATORE                    IN            +11.000 +076.967 +0409.0 19440101 20030606
433200 99999 M.O. KARIPUR AIRPORT          IN            +11.133 +075.950 +0100.0 20090205 20090205
433210 99999 COIMBATORE                    IN      VOCB  +11.031 +077.044 +0403.6 19730101 20150513
433240 99999 ARIYALUR                      IN            +11.167 +079.000 +0747.0 19771101 20021030
433250 99999 SALEM                         IN            +11.650 +078.167 +0278.0 19440101 20150512
433260 99999 KALLAKKURICHCHI               IN            +11.733 +078.967 +0127.0 19730101 20150209
433270 99999 KARAIKUDI                     IN            +10.067 +078.800 +0092.0 19760323 20030623
433280 99999 PONDICHERRY                   IN            +11.917 +079.833 +0006.0 20020305 20030528
433290 99999 CUDDALORE                     IN            +11.767 +079.767 +0012.0 19440101 20150512
433300 99999 THANJAVUR                     IN            +10.783 +079.133 +0068.0 19761009 20090205
433310 99999 M.O. PONDICHERRY              IN            +11.967 +079.817 +0038.0 20090204 20090205
433330 99999 PORT BLAIR                    IN      VEPB  +11.667 +092.717 +0079.0 19451101 20150512
433340 99999 ANDROTH                       IN            +10.800 +073.983 +0005.0 20020807 20021002
433350 99999 PALAKKAD                      IN            +10.767 +076.650 +0097.0 19440101 20030315
433360 99999 COCHIN INT. AIRPORT NEDUMBASS IN            +10.150 +076.400 +0007.7 20061013 20130430
433390 99999 KODAIKANAL                    IN            +10.233 +077.467 +2343.0 19440101 20090205
433420 99999 K. PARAMATHY                  IN            +10.950 +078.083 +0181.0 19780731 20090205
433440 99999 TIRUCHIRAPPALLI               IN      VOTR  +10.765 +078.710 +0087.8 19440101 20150513
433460 99999 KARAIKAL                      IN            +10.917 +079.833 +0007.0 19990412 20150512
433470 99999 NAGAPPATTINAM                 IN            +10.767 +079.850 +0009.0 19440101 20150512
433480 99999 ATIRAMAPATTINAM               IN            +10.333 +079.383 +0006.0 20030727 20090205
433490 99999 VEDARANNIYAM                  IN            +10.367 +079.850 +0004.0 19990908 20090205
433510 99999 FORT COCHIN                   IN            +09.967 +076.233 +0003.0 19540101 20011006
433520 99999 ALAPUZHA                      IN            +09.550 +076.417 +0004.0 19440701 20150512
433530 99999 COCHIN                        IN      VOCC  +09.946 +076.272 +0002.4 19440101 20150512
433540 99999 PUNALUR                       IN            +09.000 +076.917 +0034.0 20020827 20090205
433550 99999 KOTTAYAM                      IN            +09.533 +076.600 +0078.0 20010707 20140227
433590 99999 MADURAI                       IN            +09.917 +078.117 +0133.0 19730101 20010914
433600 99999 MADURAI                       IN      VOMD  +09.835 +078.093 +0139.9 19440101 20150512
433610 99999 TONDI                         IN            +09.733 +079.033 +0005.0 20030727 20090205
433630 99999 PAMBAN                        IN            +09.267 +079.300 +0011.0 19440101 20150512
433640 99999 HUT BAY                       IN            +10.583 +092.550 +0005.0 20020604 20090205
433670 99999 CAR NICOBAR                   IN            +09.167 +092.833 +0010.0 19730101 20090205
433680 99999 CAR NICOBAR(IN-AFB)           IN      VECX  +09.150 +092.817 +0014.0 19730101 20150315
433690 99999 MINICOY                       IN            +08.300 +073.150 +0002.0 19440101 20150512
433710 99999 THIRUVANANTHAPURAM            IN            +08.483 +076.950 +0064.0 19440101 20150512
433720 99999 THIRUVANANTHAPURAM INTL       IN      VOTV  +08.482 +076.920 +0004.6 19960201 20150513
433730 99999 TRIVANDRUM MET.OBS./THUMBA    IN            +08.533 +076.867 +0007.0 20030304 20030304
433740 99999 KOVALAM                       IN            +08.083 +077.250 +0035.0 20011027 20011027
433760 99999 PALAYANKOTTAI                 IN            +08.733 +077.750 +0051.0 19730101 20150512
433770 99999 KANNIYAKUMARI                 IN            +08.083 +077.500 +0037.0 19800710 20090205

