420270 99999 SRINAGAR                      IN            34.083 74.833 1587.0 19730101 20150513
420290 99999 SONAMARG                      IN            34.317 75.317 2515.0 19740613 19740818
420300 99999 DRAS                          IN            34.433 75.767 3066.0 19440101 20070426
420340 99999 LEH                           IN            34.150 77.567 3513.0 19440101 19481106
420420 99999 SRINAGAR                      IN            33.983 74.783 1664.0 19881026 20050619
420440 99999 QAZI/GUND                     IN            33.583 75.083 1690.0 20030306 20130529
420450 99999 BANIHAL                       IN            33.500 75.167 1630.0 20021023 20130529
420550 99999 JAMMU(IN-AFB)                 IN            32.683 74.833 314.0 19730101 19910719
420560 99999 JAMMU                         IN            32.667 74.833 367.0 19830902 20130529
420570 99999 PATHANKOT(IN-AFB)&            IN            32.233 75.633 312.0 19730102 19750831
420590 99999 DALHOUSIE                     IN            32.533 75.967 1959.0 19440601 20060101
420600 99999 KATHUA                        IN            32.333 75.500 380.0 20011121 20030202
420620 99999 DHARMSALA                     IN            32.267 76.383 1211.0 19730101 20090205
420650 99999 MANALI                        IN            32.267 77.167 2039.0 19990223 20090205
420710 99999 AMRITSAR                      IN            31.710 74.797 230.4 19730101 20150513
420740 99999 KAPURTHALA                    IN            31.333 75.333 229.0 20020214 20050830
420770 99999 UNA                           IN            31.467 76.267 369.0 20090205 20090205
420780 99999 MANDI                         IN            31.717 76.967 761.0 19590602 20090205
420790 99999 SUNDERNAGAR                   IN            31.533 76.900 874.0 20130529 20130529
420800 99999 BILASPUR                      IN            31.250 76.667 587.0 19590602 20080128
420801 99999 BHAVNAGAR                     IN            21.752 72.185 013.4 20110129 20110129
420810 99999 BHUNTAR                       IN            31.833 77.167 1084.0 20020903 20130529
420830 99999 SHIMLA                        IN            31.100 77.167 2202.0 19440101 20130529
420960 99999 FEROZEPUR                     IN            30.917 74.667 200.0 19730101 20030730
420970 99999 BHATINDA                      IN            30.167 74.583 211.0 20030524 20030524
420980 99999 HALWARA                       IN            30.750 75.633 241.0 19440101 19481231
420990 99999 LUDHIANA                      IN            30.867 75.933 255.0 19730101 20130529
421010 99999 PATIALA                       IN            30.333 76.467 251.0 19730101 20150512
421030 99999 AMBALA                        IN            30.383 76.767 272.0 19440101 20130529
421040 99999 NAHAN                         IN            30.400 76.767 958.0 19881016 19900415
421050 99999 CHANDIGARH(IAFB)              IN            30.733 76.883 347.0 19740101 20130529
421070 99999 DHARMPUR                      IN            30.900 77.017 1986.0 19990701 20021214
421080 99999 UTTARKASHI                    IN            30.733 78.450 1200.0 19990420 20030305
421110 99999 DEHRADUN                      IN            30.317 78.033 682.0 19440101 20150513
421120 99999 MUSSOORIE                     IN            30.450 78.083 2042.0 19540101 20040705
421140 99999 TEHRI                         IN            30.400 78.483 770.0 19981224 20130529
421160 99999 JOSHIMATH                     IN            30.550 79.567 1875.0 19730101 20030606
421170 99999 CHAMOLI                       IN            30.400 79.333 1160.0 19990211 20030225
421210 99999 MUNSYARI                      IN            30.117 80.250 3414.0 20011024 20110908
421220 99999 ANUPGARH                      IN            29.167 73.167 154.0 19440101 20030711
421230 99999 GANGANAGAR                    IN            29.917 73.917 177.0 19440101 20150512
421310 99999 HISSAR                        IN            29.179 75.755 213.4 19440101 20150513
421350 99999 SANGRUR                       IN            30.167 75.833 236.0 19831001 20030524
421370 99999 KARNAL                        IN            29.700 77.033 249.0 19730109 20090205
421390 99999 MEERUT                        IN            29.017 77.633 222.0 19440603 20090205
421400 99999 ROORKEE                       IN            29.850 77.883 274.0 19440101 20141111
421430 99999 NAJIBABAD                     IN            29.617 78.383 270.0 19730101 20090205
421460 99999 NAINITAL                      IN            29.400 79.467 1953.0 19730103 19790214
421470 99999 MUKTESHWAR                    IN            29.467 79.650 2311.0 19440101 20130529
421480 99999 PANTNAGAR                     IN            29.033 79.467 233.0 20070520 20130529
421510 99999 DHARCHULA                     IN            29.850 80.533 817.0 19831002 20020313
421650 99999 BIKANER                       IN            28.000 73.300 224.0 19440101 20150513
421700 99999 CHURU                         IN            28.250 74.917 291.0 19730101 20130529
421740 99999 PILANI                        IN            28.333 75.583 301.0 20020630 20090205
421760 99999 ROHTAK                        IN            28.833 76.583 222.0 20010728 20090205
421770 99999 NARNAUL                       IN            28.000 76.083 308.0 20020219 20090205
421780 99999 GURGAON                       IN            28.417 77.000 224.0 20010718 20010807
421810 99999 INDIRAGANDHI/INTL             IN            28.567 77.103 236.8 19750307 20150513
421820 99999 SAFDARJUNG                    IN            28.585 77.206 214.9 19420702 20150512
421830 99999 BULANDSHAHR                   IN            28.400 77.867 218.0 20010823 20010823
421870 99999 MORADABAD                     IN            28.833 78.750 202.0 19830915 20090205
421880 99999 RAMPUR                        IN            28.750 79.000 191.0 19990709 20020927
421890 99999 BAREILLY                      IN            28.422 79.451 176.8 19440101 20150513
421900 99999 PILIBHIT                      IN            28.633 79.800 188.0 20020725 20020725
422200 99999 PASIGHAT                      IN            28.100 95.383 157.0 19740403 20110724
422370 99999 PHALODI                       IN            27.133 72.367 234.0 19440101 20090205
422420 99999 NAGAUR                        IN            27.167 73.667 298.0 20010723 20030215
422490 99999 SIKAR                         IN            27.617 75.133 433.0 19730101 20090205
422550 99999 ALWAR                         IN            27.500 76.583 271.0 19730101 20030201
422570 99999 MATHURA                       IN            27.500 77.683 174.0 20020418 20021216
422580 99999 BHARATPUR                     IN            27.217 77.500 176.0 20020214 20030118
422600 99999 AGRA                          IN            27.156 77.961 167.9 19420824 20150512
422610 99999 AGRA                          IN            27.167 78.033 169.0 19440101 20021224
422620 99999 ALIGARH                       IN            27.883 78.067 187.0 19730101 20030204
422650 99999 MAINPURI                      IN            27.233 79.050 157.0 19440101 20030120
422660 99999 SHAHJAHANPUR                  IN            27.883 79.900 155.0 20090205 20090205
422700 99999 KHERI                         IN            27.900 80.800 147.0 19730101 20090205
422710 99999 HARDOI                        IN            27.383 80.167 142.0 19730101 20090205
422730 99999 BAHRAICH                      IN            27.567 81.600 124.0 19440101 20130529
422740 99999 GONDA                         IN            27.133 81.967 110.0 19730101 20020411
422820 99999 NAUTANWA                      IN            27.433 83.417 099.0 19730101 20030304
422950 99999 DARJEELING                    IN            27.050 88.267 2128.0 19440101 20030414
422990 99999 GANGTOK                       IN            27.333 88.617 1756.0 19740902 20090205
423050 99999 BOMDILA                       IN            27.417 92.850 2484.0 20020727 20050401
423090 99999 LILABARI                      IN            27.295 94.098 100.6 19431223 20150513
423110 99999 SIBSAGAR                      IN            26.983 94.633 097.0 19440101 20030703
423120 99999 ZIRO                          IN            27.917 94.800 1476.0 20010802 20021210
423140 99999 DIBRUGARH                     IN            27.484 95.017 110.3 19420714 20150513
423160 99999 DIGBOI                        IN            27.383 95.617 143.0 19440901 20030107
423280 99999 JAISALMER                     IN            26.900 70.917 231.0 19730101 20150513
423390 99999 JODHPUR                       IN            26.251 73.049 218.5 19430731 20150513
423430 99999 AJMER                         IN            26.450 74.617 486.0 19440101 20130529
423480 99999 JAIPUR                        IN            26.824 75.812 385.0 19440101 20150513
423490 99999 TONK                          IN            26.167 75.750 272.0 19990514 20030126
423540 99999 DHOLPUR                       IN            26.667 77.833 176.0 19730101 20090205
423580 99999 BHIND                         IN            26.567 78.800 168.0 20020328 20021208
423610 99999 GWALIOR                       IN            26.293 78.228 188.1 19440101 20150513
423640 99999 ETAWAH                        IN            26.733 78.983 151.0 20010711 20030112
423660 99999 KANPUR                        IN            26.433 80.367 125.0 19450621 20030621
423670 99999 KANPUR                        IN            26.404 80.410 123.4 19440101 20150512
423680 99999 LUCKNOW                       IN            26.867 80.933 111.0 19730101 20030601
423690 99999 LUCKNOW                       IN            26.761 80.889 125.0 19440101 20150513
423720 99999 FURSATGANJ                    IN            36.250 81.367 116.0 20130529 20130529
423740 99999 FAIZABAD                      IN            26.750 82.083 102.0 20020203 20040827
423750 99999 SULTANPUR                     IN            26.250 82.000 097.0 19990614 20071103
423790 99999 GORAKHPUR                     IN            26.740 83.450 078.9 19440101 20150512
423810 99999 AZAMGARH                      IN            26.050 83.217 078.0 19730101 19800626
423820 99999 RAXAUL                        IN            26.983 84.850 079.0 19730101 19740817
423830 99999 MOTIHARI                      IN            26.667 84.917 066.0 19440101 20090205
423870 99999 MUZAFFARPUR                   IN            26.117 85.400 053.0 19740515 20090205
423900 99999 MUZAFFARPUR                   IN            26.117 85.317 053.0 20011029 20140905
423910 99999 DARBHANGA                     IN            26.167 85.900 049.0 19440101 20030410
423930 99999 SUPAUL                        IN            26.133 86.583 050.0 20010905 20050525
423950 99999 FORBESGANJ                    IN            26.300 87.267 061.0 19730101 19790307
423970 99999 SILIGURI                      IN            26.667 88.367 123.0 19990213 20030409
423980 99999 BAGDOGRA                      IN            26.681 88.329 125.6 19570618 20150512
423990 99999 JALPAIGURI                    IN            26.533 88.717 083.0 19440101 20130509
424030 99999 COOCH/BEHAR                   IN            26.333 89.467 043.0 19430220 20090205
424040 99999 DHUBRI                        IN            26.017 89.983 036.0 19440101 20090205
424060 99999 DHUBRI/RUPSI                  IN            26.150 89.917 045.0 19450630 19450930
424070 99999 GOALPARA                      IN            26.183 90.633 038.0 19730102 20090205
424090 99999 TANGLA                        IN            26.650 91.917 065.0 19740221 20090205
424100 99999 GUWAHATI/INTL                 IN            26.106 91.586 049.4 19440102 20150513
424130 99999 MAJBAT                        IN            26.750 92.350 120.0 20011009 20090205
424140 99999 CHAPARMUKH                    IN            26.200 92.517 066.0 19730103 20040219
424150 99999 TEZPUR                        IN            26.617 92.783 079.0 19440101 20150513
424160 99999 TEZPUR/BINDUKURI              IN            26.717 92.800 075.0 19430510 19801101
424190 99999 GOHPUR                        IN            26.833 93.583 082.0 19831028 20071017
424200 99999 GOLAGHAT                      IN            26.517 93.983 095.0 19740806 20030419
424230 99999 JORHAT                        IN            26.067 90.167 880.0 19430414 20110724
424350 99999 BARMER                        IN            25.750 71.383 194.0 19440101 20150512
424410 99999 ERINPURA/JAWAI                IN            25.083 73.083 295.0 19450801 19460729
424470 99999 BHILWARA                      IN            25.350 74.633 425.0 20020917 20030524
424500 99999 BUNDI                         IN            25.450 75.633 267.0 20030202 20090205
424510 99999 KOTA-IN-RAJASTHAN             IN            25.183 75.850 256.0 19440101 19780502
424520 99999 KOTA                          IN            25.160 75.846 273.1 19730101 20150513
424530 99999 SAWAIMADHOPUR                 IN            25.983 76.367 264.0 20010822 20090205
424560 99999 SHEOPUR                       IN            25.667 76.683 235.0 19730101 20090205
424590 99999 SHIVPURI                      IN            25.333 77.650 464.0 20020528 20090205
424600 99999 DATIA                         IN            25.667 78.467 229.0 20020417 20150122
424630 99999 JHANSI                        IN            25.491 78.558 244.1 19440101 20130529
424670 99999 NOWGONG                       IN            25.067 79.450 229.0 19440101 20090205
424680 99999 ORAI                          IN            25.983 79.500 141.0 20030216 20120218
424690 99999 HAMIRPUR                      IN            25.950 80.150 109.0 20090205 20100916
424710 99999 FATEHPUR                      IN            25.933 80.833 114.0 19730101 20020412
424730 99999 BANDA                         IN            25.467 80.367 121.0 20040902 20040902
424750 99999 ALLAHABAD                     IN            25.441 81.735 098.1 19420727 20150501
424790 99999 VARANASI                      IN            25.452 82.859 081.1 19730101 20150512
424820 99999 GHAZIPUR                      IN            25.400 83.550 067.0 20010718 20090205
424830 99999 VARANASI                      IN            25.300 83.017 090.0 19440101 20090205
424840 99999 BALLIA                        IN            25.750 84.167 064.0 20020217 20070520
424880 99999 CHAPRA                        IN            25.783 84.733 058.0 20051019 20051019
424920 99999 PATNA                         IN            25.591 85.088 051.8 19440101 20150513
424980 99999 BHAGALPUR                     IN            25.233 86.950 049.0 19570102 20150512
424990 99999 SABAUR                        IN            25.233 87.067 037.0 20020614 20090205
425000 99999 PURNEA                        IN            25.267 87.467 038.0 19440101 20150510
425030 99999 MALDA                         IN            25.033 88.133 031.0 19730101 20090205
425060 99999 BALURGHAT                     IN            25.217 88.783 026.0 20030414 20030414
425110 99999 TURA                          IN            25.517 90.233 370.0 19730101 20030226
425150 99999 CHERRAPUNJI                   IN            25.250 91.733 1313.0 19440101 20090205
425160 99999 SHILLONG                      IN            25.567 91.883 1598.0 19440101 20120521
425230 99999 LUMDING                       IN            25.750 93.183 149.0 19730101 19860717
425270 99999 KOHIMA                        IN            25.633 94.167 1406.0 19770923 19790528
425390 99999 DEESA                         IN            24.200 72.200 136.0 19440101 20110724
425400 99999 MOUNTABU                      IN            24.600 72.717 1195.0 19440101 20090205
425420 99999 UDAIPUR                       IN            24.618 73.896 513.3 19750811 20150512
425430 99999 UDAIPUR                       IN            24.583 73.700 582.0 19440601 19781221
425460 99999 CHITTORGARH                   IN            24.883 74.633 404.0 20090205 20090205
425470 99999 NIMACH                        IN            24.467 74.900 496.0 19440101 20030622
425520 99999 CHAMBAL/RAWATBHATA            IN            24.917 75.583 351.0 20040727 20090205
425550 99999 JHALAWAR                      IN            24.533 76.167 321.0 19440101 20030606
425570 99999 RAJGARH                       IN            24.000 76.717 382.0 20030117 20090205
425590 99999 GUNA                          IN            24.650 77.317 478.0 19440101 20150512
425620 99999 TIKAMGARH                     IN            24.767 78.833 345.0 20030101 20140328
425670 99999 KHAJURAHO                     IN            24.983 79.917 217.0 20020623 20110724
425700 99999 PANNA                         IN            24.717 80.167 354.0 20010726 20140828
425710 99999 SATNA                         IN            24.567 80.833 317.0 19440101 20150513
425740 99999 REWA                          IN            24.533 81.300 299.0 20090205 20090205
425770 99999 SIDHI                         IN            24.417 81.867 272.0 19730101 20090205
425870 99999 DALTONGANJ                    IN            24.050 84.067 221.0 19440101 20150513
425880 99999 DEHRI                         IN            24.917 84.183 107.0 19730101 20090205
425910 99999 GAYA                          IN            24.744 84.951 115.8 19421122 20150513
425950 99999 JAMUI                         IN            24.933 86.300 082.0 20120710 20120710
425990 99999 DUMKA                         IN            24.267 87.250 149.0 19440102 20140708
426030 99999 BERHAMPORE                    IN            24.133 88.267 019.0 19440101 20030303
426180 99999 KAILASHAHAR                   IN            24.317 92.000 030.0 19450119 20090205
426190 99999 SILCHAR                       IN            24.750 92.800 029.0 19440101 20110724
426200 99999 SILCHAR/KUMBHIRGRAM           IN            24.917 92.983 105.0 19860321 19910723
426230 99999 IMPHAL                        IN            24.760 93.897 774.2 19441202 20150513
426310 99999 NALIYA                        IN            23.250 68.850 021.0 19730101 20140923
426340 99999 BHUJ                          IN            23.288 69.670 081.7 19440101 20150512
426380 99999 KANDLA/AERODROME              IN            23.150 70.117 029.0 20041007 20041228
426390 99999 NEWKANDLA                     IN            23.000 70.217 014.0 20030727 20090205
426409 99999 MTHOREB                       IN            42.983 -089.750 370.0 19860331 19860331
426470 99999 AHMEDABAD                     IN            23.077 72.635 057.6 19440101 20150513
426510 99999 IDAR                          IN            23.833 73.033 219.0 20090205 20090205
426520 99999 DUNGARPUR                     IN            23.833 73.667 291.0 20011122 20021208
426550 99999 BANSWARA                      IN            23.550 74.450 220.0 20021116 20090205
426610 99999 RATLAM                        IN            23.317 75.050 486.0 19730101 20090205
426620 99999 UJJAIN                        IN            23.183 75.783 489.0 20020615 20090205
426650 99999 SHAJAPUR                      IN            23.433 76.317 446.0 20010806 20130830
426670 99999 BHOPAL                        IN            23.287 77.337 524.0 19440101 20150512
426690 99999 VIDISHA                       IN            23.533 77.817 430.0 20010713 20010713
426710 99999 SAGAR                         IN            23.850 78.750 551.0 19440101 20110724
426720 99999 RAISEN                        IN            23.317 77.833 440.0 19840225 20110913
426740 99999 DAMOH                         IN            23.833 79.450 371.0 20040603 20110918
426750 99999 JABALPUR                      IN            23.178 80.052 495.0 19440101 20150512
426790 99999 UMARIA                        IN            23.533 80.883 459.0 19730101 20090205
426930 99999 AMBIKAPUR                     IN            23.167 83.250 611.0 19730101 20131109
426990 99999 HAZARIBAGH                    IN            23.983 85.367 611.0 19440101 20110524
427000 99999 RANCHI                        IN            23.433 85.400 647.0 19730101 20140203
427010 99999 BIRSAMUNDA                    IN            23.314 85.322 654.7 19440101 20150512
427030 99999 DHANBAD                       IN            23.783 86.433 257.0 20010813 20010829
427040 99999 PANAGARH                      IN            23.467 87.433 074.0 19431130 20020805
427050 99999 PURULIA                       IN            23.333 86.417 255.0 19440325 20020311
427051 99999 KULLUMANALI                   IN            31.877 77.154 1089.1 20040707 20111004
427052 99999 CHANDIGARH                    IN            30.673 76.789 308.5 20060812 20111007
427053 99999 LEH                           IN            34.136 77.547 3255.9 20060905 20111007
427055 99999 CALICUT                       IN            11.137 75.955 104.2 20100125 20150513
427056 99999 BANGALURU/INTL/AIRPORT        IN            13.200 77.700 915.0 20080721 20150513
427060 99999 BANKURA                       IN            23.383 87.083 100.0 20050225 20150513
427080 99999 SHANTI/NIKETAN                IN            23.650 87.700 059.0 20010913 20090205
427090 99999 BURDWAN                       IN            23.233 87.850 030.0 19440101 20090205
427110 99999 KRISHNANAGAR                  IN            23.400 88.517 015.0 19950425 20090205
427140 99999 BAGATI                        IN            22.983 88.367 012.0 19801206 20090205
427150 99999 MALANJKHAND                   IN            22.000 80.700 581.0 20011121 20090205
427240 99999 AGARTALA                      IN            23.887 91.240 014.0 19450110 20150513
427260 99999 LENGPUI                       IN            23.841 92.620 426.1 20150409 20150410
427270 99999 AIJAL                         IN            23.733 92.717 1097.0 19540101 20030602
427275 99999 LENGPUI                       IN            23.841 92.620 426.1 20100719 20100719
427290 99999 MANDVI                        IN            22.817 69.267 009.0 20010921 20010921
427300 99999 OKHA                          IN            22.483 69.117 007.0 20011014 20110724
427310 99999 DWARKA                        IN            22.367 69.083 011.0 19440101 20130622
427340 99999 JAMNAGAR                      IN            22.450 70.083 014.0 19730101 19760102
427370 99999 RAJKOT                        IN            22.309 70.780 134.4 19440101 20150512
427371 99999 RAIPUR                        IN            21.167 81.733 325.0 20060416 20100125
427400 99999 SURENDRANAGAR                 IN            22.733 71.600 074.0 19730101 20030630
427440 99999 VALLABH/VIDYANAGAR            IN            22.567 72.933 044.0 19831001 20090205
427470 99999 BARODA                        IN            22.300 73.250 034.0 19440101 20070627
427480 99999 BARODA/AERODROME              IN            22.333 73.267 037.0 20030727 20110724
427510 99999 DOHAD                         IN            22.833 74.267 333.0 19440101 20050518
427520 99999 DHAR                          IN            22.600 75.300 583.0 19740724 20090205
427540 99999 DEVI/AHILYABAI/HOLKAR         IN            22.722 75.801 563.9 19440101 20150513
427630 99999 HOSHANGABAD                   IN            22.767 77.767 302.0 19440101 20110724
427670 99999 PACHMARHI                     IN            22.467 78.433 1075.0 19440101 20090205
427680 99999 CHHINDWARA                    IN            22.100 79.000 685.0 20020814 20030119
427700 99999 NARSINGHPUR                   IN            22.950 79.183 356.0 20010709 20090205
427710 99999 SEONI                         IN            22.083 79.550 619.0 19440101 20090205
427760 99999 MANDLA                        IN            22.583 80.367 443.0 20070520 20090205
427790 99999 PENDRA/ROAD                   IN            22.767 81.900 625.0 19440101 20150513
427820 99999 BILASPUR                      IN            21.988 82.111 274.0 20110724 20110724
427830 99999 CHAMPA                        IN            22.033 82.700 245.0 19730101 20090205
427900 99999 JASHPURNAGAR                  IN            22.883 84.133 771.0 20011004 20050524
427920 99999 SUNDARGARH                    IN            22.117 84.033 240.0 20020620 20090205
427950 99999 CHAIBASA                      IN            22.550 85.817 226.0 19440101 20090205
427980 99999 JAMSHEDPUR                    IN            22.813 86.169 153.9 19730101 20150512
427990 99999 JAMSHEDPUR                    IN            22.817 86.183 129.0 19450801 20090205
428020 99999 KALAIKUNDA                    IN            22.333 87.217 062.0 19440115 19451210
428030 99999 MIDNAPORE                     IN            22.417 87.317 045.0 19730101 20090205
428050 99999 ULUBERIA                      IN            22.500 87.950 005.0 19810506 20090205
428070 99999 CALCUTTA/ALIPORE              IN            22.533 88.333 006.0 19440331 20130622
428081 99999 CALCUTTA/BARRACKS             IN            22.767 88.367 007.0 19440331 19460531
428090 99999 NETAJI/SUBHASH/CHANDRA/BOSE   IN            22.655 88.447 004.9 19430831 20150513
428110 99999 DIAMOND/HARBOUR               IN            22.183 88.200 007.0 20011015 20090205
428120 99999 CANNING                       IN            22.250 88.667 004.0 20090205 20090205
428300 99999 PORBANDAR                     IN            21.650 69.667 005.0 19730101 20130622
428320 99999 KESHOD                        IN            21.317 70.317 050.0 20010916 20010916
428340 99999 AMRELI                        IN            21.600 71.217 115.0 19740517 20090205
428370 99999 MAHUVA                        IN            21.083 71.783 009.0 20010711 20050901
428380 99999 BHAUNAGAR                     IN            21.750 72.200 005.0 19730102 20110724
428400 99999 SURAT                         IN            21.200 72.833 012.0 19440101 20150512
428410 99999 BROACH                        IN            21.733 73.000 017.0 20011001 20030616
428490 99999 KHARGONE                      IN            21.817 75.617 251.0 20090205 20090205
428510 99999 JALGAON                       IN            21.050 75.567 201.0 19440101 20090205
428550 99999 KHANDWA                       IN            21.833 76.367 318.0 19440101 20090205
428600 99999 BETUL                         IN            21.867 77.933 653.0 19730101 20090205
428660 99999 NAGPUR(MAYO/HOSPITAL)         IN            21.150 79.117 311.0 19860516 20020630
428670 99999 DR/AMBEDKAR/INTL              IN            21.092 79.047 314.9 19440101 20150513
428710 99999 GONDIA                        IN            21.467 80.200 313.0 19730101 20090205
428740 99999 PBO/RAIPUR                    IN            21.233 81.650 298.0 19960701 20150513
428750 99999 RAIPUR                        IN            21.217 81.667 294.0 19440101 20020919
428760 99999 DURG                          IN            21.183 81.283 293.0 20020315 20030216
428830 99999 SAMBALPUR                     IN            21.467 83.967 148.0 19440101 20090205
428840 99999 RAIGARH                       IN            21.883 83.383 220.0 19990612 20070520
428860 99999 JHARSUGUDA                    IN            21.914 84.050 228.9 19570102 20150513
428910 99999 KEONGJHARGARH                 IN            21.617 85.517 463.0 20010917 20110724
428940 99999 BARIPADA                      IN            21.933 86.767 054.0 20090205 20090205
428950 99999 BALASORE                      IN            21.517 86.933 020.0 19440101 20150512
429000 99999 CONTAI                        IN            21.783 87.750 011.0 20020314 20020515
429010 99999 DIGHA                         IN            21.617 87.500 006.0 20031125 20090205
429030 99999 SAGAR/ISLAND                  IN            21.650 88.050 003.0 19440101 20020310
429090 99999 VERAVAL                       IN            20.900 70.367 008.0 19440101 20150512
429150 99999 BULSAR                        IN            20.617 72.933 015.0 20030501 20090205
429160 99999 DAMAN                         IN            20.417 72.850 012.0 19780110 20070520
429200 99999 NASIK/OZAR                    IN            20.133 73.917 599.0 19890430 20060201
429210 99999 NASIK/CITY                    IN            19.967 73.817 598.0 20060202 20150512
429250 99999 MALEGAON                      IN            20.550 74.533 437.0 19440101 20090205
429310 99999 BULDANA                       IN            20.533 76.233 650.0 19730101 19900507
429330 99999 AKOLA                         IN            20.700 77.033 282.0 19440101 20150513
429340 99999 AKOLA                         IN            20.699 77.059 304.5 19730101 20060119
429350 99999 WASHIM                        IN            20.117 77.117 565.0 20090205 20090205
429370 99999 AMRAOTI                       IN            20.933 77.783 370.0 19440101 20090205
429390 99999 WARDHA                        IN            20.667 78.583 283.0 20070520 20090205
429430 99999 YEOTMAL                       IN            20.400 78.150 451.0 19730101 20090205
429460 99999 BRAMHAPURI                    IN            20.600 79.850 229.0 19831018 20090205
429530 99999 KANKER                        IN            20.267 81.483 402.0 19440101 19790713
429610 99999 TITLAGARH                     IN            20.300 83.300 211.0 19730101 20090205
429630 99999 BOLANGIR                      IN            20.700 83.500 190.0 20020418 20071116
429660 99999 PHULBANI                      IN            20.483 84.267 489.0 20010707 20100818
429690 99999 ANGUL                         IN            20.833 85.100 139.0 19730101 20090205
429700 99999 CUTTACK                       IN            20.467 85.933 027.0 19440101 20140811
429710 99999 BHUBANESHWAR                  IN            20.244 85.818 042.1 19570102 20150513
429730 99999 CHANDBALI                     IN            20.783 86.733 006.0 19440101 20110724
429760 99999 PARADIP(C.W.R.)               IN            20.300 86.683 008.0 20020521 20110724
429770 99999 SANDHEADS                     IN            20.850 88.250 010.0 19440101 20100827
430010 99999 DAHANU                        IN            19.967 72.717 005.0 19440101 20090205
430030 99999 CHHATRAPATI/SHIVAJI/INTL      IN            19.089 72.868 011.3 19440101 20150513
430090 99999 AHMADNAGAR                    IN            19.083 74.800 657.0 19440101 20030404
430110 99999 BIR                           IN            19.000 75.717 519.0 20020317 20030509
430130 99999 JALNA                         IN            19.833 75.800 519.0 19440101 20030606
430140 99999 AURANGABAD                    IN            19.863 75.398 582.5 19730101 20150512
430170 99999 PARBHANI                      IN            19.133 76.833 422.0 19440101 20090205
430190 99999 PUSAD                         IN            19.917 77.583 332.0 19831018 19850113
430220 99999 PRIYADARSHINI                 IN            19.750 78.033 457.0 20081111 20081111
430250 99999 ADILABAD                      IN            19.650 78.533 269.0 19851202 20020815
430290 99999 CHANDRAPUR                    IN            19.967 79.300 193.0 19440101 20040404
430410 99999 JAGDALPUR                     IN            19.083 82.033 553.0 19440101 20150512
430420 99999 BHAWANIPATNA                  IN            19.917 83.183 261.0 19810103 20090205
430490 99999 GOPALPUR                      IN            19.267 84.883 017.0 19440101 20130622
430530 99999 PURI                          IN            19.800 85.817 006.0 19730101 20140609
430570 99999 BOMBAY/COLABA                 IN            18.900 72.817 011.0 20030727 20090205
430580 99999 ALIBAG                        IN            18.633 72.867 007.0 20020509 20070520
430610 99999 KHANDALA                      IN            18.767 73.367 539.0 19440507 20070522
430620 99999 BHIRA                         IN            18.450 73.400 096.0 20070520 20070520
430630 99999 POONA                         IN            18.583 73.917 592.0 19440101 20150512
430640 99999 PUNE/LOHOGAON/AERODROME       IN            18.583 73.917 589.0 19880501 20090205
430690 99999 BARAMATI                      IN            18.150 74.583 551.0 19840213 20020521
430810 99999 NIZAMABAD                     IN            18.667 78.100 381.0 19440101 20150512
430830 99999 MEDAK                         IN            18.050 78.267 472.0 19870905 20090205
430860 99999 RAMGUNDAM                     IN            18.767 79.433 156.0 19730101 20150512
430870 99999 HANAMKONDA                    IN            18.017 79.567 269.0 19440101 20150512
430890 99999 SIRONCHA                      IN            18.850 79.967 123.0 20010812 20030711
430930 99999 BAILADILA                     IN            18.583 81.233 1144.0 19890521 19900108
430970 99999 KORAPUT                       IN            18.817 82.717 913.0 19730113 20090205
431050 99999 KALINGAPATAM                  IN            18.333 84.133 006.0 19440101 20150512
431090 99999 HARNAI                        IN            17.817 73.100 020.0 19440101 20110724
431100 99999 RATNAGIRI                     IN            16.983 73.333 067.0 19440101 20150512
431110 99999 MAHABALESHWAR                 IN            17.933 73.667 1382.0 19440101 20110724
431130 99999 SATARA                        IN            17.517 74.050 612.0 20020727 20090205
431170 99999 SHOLAPUR                      IN            17.628 75.935 482.8 19440101 20150512
431210 99999 GULBARGA                      IN            17.350 76.850 458.0 19440101 20150512
431250 99999 BIDAR                         IN            17.917 77.533 663.0 19440701 20150512
431280 99999 BEGUMPET/AIRPORT              IN            17.452 78.461 531.0 19440101 20150512
431285 99999 HYDERABAD/INTL/AIRPORT        IN            17.233 78.417 617.0 20080721 20150513
431300 99999 HAKIMPET                      IN            17.550 78.517 613.0 19890731 19890731
431330 99999 NALGONDA                      IN            17.000 79.250 227.0 19771019 20130716
431360 99999 BHADRACHALAM                  IN            17.667 80.883 054.0 19730104 20150219
431370 99999 KHAMMAM                       IN            17.250 80.150 112.0 19440101 20090205
431470 99999 TUNI                          IN            17.350 82.550 035.0 20090204 20130622
431490 99999 VISHAKHAPATNAM                IN            17.717 83.233 003.0 19540101 20130622
431500 99999 CWC/VISHAKHAPATNAM/WALTAIR    IN            17.700 83.300 066.0 19440101 20150512
431530 99999 DEVGARH                       IN            16.383 73.350 036.0 19460801 19860725
431570 99999 KOLHAPUR                      IN            16.665 74.289 608.4 19730101 20150512
431580 99999 SANGLI                        IN            16.850 74.600 549.0 19750906 20090205
431600 99999 BAGALKOTE                     IN            16.700 75.750 524.0 19440101 20090205
431610 99999 BIJAPUR                       IN            16.817 75.717 594.0 19440101 20150512
431680 99999 MAHABUBNAGAR                  IN            16.750 78.000 505.0 20090205 20140706
431690 99999 RAICHUR                       IN            16.200 77.350 400.0 19440101 20150512
431770 99999 RENTACHINTALA                 IN            16.550 79.550 106.0 19440101 20150512
431800 99999 VIJAYAWADA                    IN            16.517 80.617 020.0 20010823 20021025
431810 99999 VIJAYAWADA                    IN            16.530 80.797 025.0 19730103 20150512
431820 99999 NANDIGAMA                     IN            16.783 80.283 051.0 20090205 20140706
431840 99999 NIDADAVOLE                    IN            16.833 81.583 013.0 20011125 20030429
431850 99999 MACHILIPATNAM/FRANCHPET       IN            16.200 81.150 003.0 19540101 20150512
431870 99999 NARSAPUR                      IN            16.433 81.700 004.0 20040528 20130622
431890 99999 KAKINADA                      IN            16.950 82.233 008.0 19440101 20150512
431920 99999 GOA/PANJIM                    IN            15.483 73.817 058.4 19730101 20150512
431930 99999 VENGURLA                      IN            15.867 73.633 016.0 19561031 20030404
431940 99999 GOA                           IN            15.381 73.831 056.1 19730101 20110724
431960 99999 MORMUGAO                      IN            15.417 73.783 062.0 19440101 20090205
431970 99999 BELGAUM                       IN            15.850 74.533 753.0 19440101 20020907
431980 99999 BELGAUM                       IN            15.859 74.618 758.0 19730101 20150512
432010 99999 GADAG                         IN            15.417 75.633 650.0 19440101 20150512
432050 99999 BELLARY                       IN            15.150 76.850 449.0 19440101 20150512
432120 99999 NANDYAL                       IN            15.467 78.483 212.0 20010825 20090205
432130 99999 KURNOOL                       IN            15.800 78.067 281.0 19440101 20150512
432200 99999 BAPATLA                       IN            15.900 80.467 006.0 19790416 20140706
432210 99999 ONGOLE                        IN            15.500 80.083 012.0 19730101 20150512
432250 99999 KARWAR                        IN            14.783 74.133 004.0 19730101 20150512
432260 99999 HONAVAR                       IN            14.283 74.450 009.0 19440101 20150512
432290 99999 SHIRALI                       IN            14.067 74.533 045.0 19771222 20090205
432330 99999 CHITRADURGA                   IN            14.233 76.433 733.0 19440101 20150512
432370 99999 PBO/ANANTAPUR                 IN            14.583 77.633 364.0 19540101 20150512
432410 99999 CUDDAPAH                      IN            14.483 78.833 130.0 19440101 20130523
432430 99999 KAVALI                        IN            14.900 79.983 017.0 20040528 20130622
432450 99999 NELLORE                       IN            14.450 79.983 020.0 19440101 20150512
432570 99999 AGUMBE/EMO                    IN            13.500 75.083 659.0 20010808 20090205
432580 99999 SHIMOGA                       IN            13.933 75.633 571.0 20010904 20020522
432590 99999 BALEHONUR                     IN            13.367 75.450 907.0 19851209 19860119
432600 99999 CHICKMAGALUR                  IN            13.250 75.750 1057.0 20090205 20090205
432630 99999 HASSAN                        IN            12.967 76.333 955.0 20020522 20090421
432660 99999 M.O./AGATHI/AIRPORT           IN            10.850 72.467 003.0 20090205 20090205
432710 99999 AROGYAVARAM                   IN            13.533 78.500 701.0 19730101 20150512
432750 99999 TIRUPATHI                     IN            13.667 79.583 105.0 19860108 20130604
432770 99999 TIRUTTANI                     IN            13.150 79.533 087.0 19780210 19790428
432780 99999 NUMGAMBAKKAM                  IN            13.067 80.200 007.0 19870110 20130604
432790 99999 CHENNAI/INTL                  IN            12.994 80.181 015.8 19440101 20150513
432830 99999 MANGALORE                     IN            12.867 74.850 022.0 19440101 19631231
432840 99999 MANGALORE                     IN            12.961 74.890 102.7 19730101 20150512
432850 99999 MANGALORE/PANAMBUR            IN            12.950 74.833 031.0 19740429 20090205
432870 99999 MADIKERI                      IN            12.417 75.733 1153.0 19440101 20150511
432890 99999 MANDYA                        IN            12.500 76.833 695.0 19811012 20090205
432910 99999 MYSORE                        IN            12.300 76.700 767.0 19440101 20150512
432950 99999 BANGALORE                     IN            12.967 77.583 921.0 19730101 20150512
432960 99999 BANGALORE/HINDUSTAN/AIRPORT   IN            12.950 77.633 888.0 19420901 20150513
432990 99999 KOLAR/GOLD/FIELDS             IN            12.950 78.300 882.0 19990207 20030302
433010 99999 DHARMAPURI                    IN            12.133 78.033 396.0 19771125 20090205
433025 99999 BANGALORE                     IN            12.950 77.668 887.6 20050507 20130222
433030 99999 VELLORE                       IN            12.917 79.150 214.0 19440101 20150512
433080 99999 MAHABALIPURAM                 IN            12.617 80.200 009.0 19760825 19760827
433090 99999 MAYA/BANDAR                   IN            12.917 92.917 028.0 19730101 20090205
433100 99999 LONG/ISLAND                   IN            12.417 92.933 025.0 20070520 20090205
433110 99999 M.O./AMINI                    IN            11.117 72.733 003.0 19730101 20150512
433120 99999 AGATTI                        IN            10.850 72.467 004.0 20020325 20090126
433140 99999 KOZHIKODE                     IN            11.250 75.783 005.0 19440101 20150512
433150 99999 CANNUR                        IN            11.833 75.333 018.0 19771015 20090205
433160 99999 NILAMBUR                      IN            11.283 76.233 031.0 19990225 20000301
433170 99999 UDHAGAMANDALAM                IN            11.400 76.733 2249.0 19440101 20150512
433180 99999 COONOOR                       IN            11.350 76.800 1747.0 19860214 20090205
433190 99999 COIMBATORE                    IN            11.000 76.967 409.0 19440101 20030606
433200 99999 M.O./KARIPUR/AIRPORT          IN            11.133 75.950 100.0 20090205 20090205
433210 99999 COIMBATORE                    IN            11.031 77.044 403.6 19730101 20150513
433240 99999 ARIYALUR                      IN            11.167 79.000 747.0 19771101 20021030
433250 99999 SALEM                         IN            11.650 78.167 278.0 19440101 20150512
433260 99999 KALLAKKURICHCHI               IN            11.733 78.967 127.0 19730101 20150209
433270 99999 KARAIKUDI                     IN            10.067 78.800 092.0 19760323 20030623
433280 99999 PONDICHERRY                   IN            11.917 79.833 006.0 20020305 20030528
433290 99999 CUDDALORE                     IN            11.767 79.767 012.0 19440101 20150512
433300 99999 THANJAVUR                     IN            10.783 79.133 068.0 19761009 20090205
433310 99999 M.O./PONDICHERRY              IN            11.967 79.817 038.0 20090204 20090205
433330 99999 PORT/BLAIR                    IN            11.667 92.717 079.0 19451101 20150512
433340 99999 ANDROTH                       IN            10.800 73.983 005.0 20020807 20021002
433350 99999 PALAKKAD                      IN            10.767 76.650 097.0 19440101 20030315
433360 99999 COCHIN/INT./AIRPORT/NEDUMBASS IN            10.150 76.400 007.7 20061013 20130430
433390 99999 KODAIKANAL                    IN            10.233 77.467 2343.0 19440101 20090205
433420 99999 K./PARAMATHY                  IN            10.950 78.083 181.0 19780731 20090205
433440 99999 TIRUCHIRAPPALLI               IN            10.765 78.710 087.8 19440101 20150513
433460 99999 KARAIKAL                      IN            10.917 79.833 007.0 19990412 20150512
433470 99999 NAGAPPATTINAM                 IN            10.767 79.850 009.0 19440101 20150512
433480 99999 ATIRAMAPATTINAM               IN            10.333 79.383 006.0 20030727 20090205
433490 99999 VEDARANNIYAM                  IN            10.367 79.850 004.0 19990908 20090205
433510 99999 FORT/COCHIN                   IN            9.967 76.233 003.0 19540101 20011006
433520 99999 ALAPUZHA                      IN            9.550 76.417 004.0 19440701 20150512
433530 99999 COCHIN                        IN            9.946 76.272 002.4 19440101 20150512
433540 99999 PUNALUR                       IN            9.000 76.917 034.0 20020827 20090205
433550 99999 KOTTAYAM                      IN            9.533 76.600 078.0 20010707 20140227
433590 99999 MADURAI                       IN            9.917 78.117 133.0 19730101 20010914
433600 99999 MADURAI                       IN            9.835 78.093 139.9 19440101 20150512
433610 99999 TONDI                         IN            9.733 79.033 005.0 20030727 20090205
433630 99999 PAMBAN                        IN            9.267 79.300 011.0 19440101 20150512
433640 99999 HUT/BAY                       IN            10.583 92.550 005.0 20020604 20090205
433670 99999 CAR/NICOBAR                   IN            9.167 92.833 010.0 19730101 20090205
433680 99999 CAR/NICOBAR(IN-AFB)           IN            9.150 92.817 014.0 19730101 20150315
433690 99999 MINICOY                       IN            8.300 73.150 002.0 19440101 20150512
433710 99999 THIRUVANANTHAPURAM            IN            8.483 76.950 064.0 19440101 20150512
433720 99999 THIRUVANANTHAPURAM/INTL       IN            8.482 76.920 004.6 19960201 20150513
433730 99999 TRIVANDRUM/MET.OBS./THUMBA    IN            8.533 76.867 007.0 20030304 20030304
433740 99999 KOVALAM                       IN            8.083 77.250 035.0 20011027 20011027
433760 99999 PALAYANKOTTAI                 IN            8.733 77.750 051.0 19730101 20150512
433770 99999 KANNIYAKUMARI                 IN            8.083 77.500 037.0 19800710 20090205

